178 
179
180 
180 
180 
181 
184 
184 
183 
183 
182 
186 
185 
187 
187 
186 
187 
187 
186 
186 
186 
185 
186 
186 
186 
186 
186 
186 
186 
186
186 
186 
186 
186 
187 
187 
187 
187 
187 
186 
186 
185 
185 
185 
182 
181 
181 
181 
181 
181 
184 
184 
184 
181 
183 
183 
183 
183 
183  
180 
177 
175 
176
178 
176 
176 
176 
176 
177 
178 
179 
179 
179 
180 
180 
180 
178 
179 
180 
179 
180 
179 
180 
178 
179 
181 
180 
182 
182 
180 
180 
179 
179 
179 
179 
178 
178 
179 
178 
178 
176 
175 
174 
174 
174 
171 
175 
174 
179 
166
169
168
168
168
169
169
170
170
170
170
171
172
172
172
173
172
175
175
175
175
176
176
176
178
178
178
179
179
179
180
182
181
182
181
181
183
183
183
184
185
185
186
186
187
187
187
187
186
186
186
186
186
186
185
186
185
185
185
185
185
185
184
185
185
184
184
184
184
184
184
185
185
185
185
184
183
183
183
183
183
183
184
184
184
185
185
185
185
185
185
185
184
184
184
184
183
183
183
183
183
183
182
182
182
182
182
182
183
183
183
183
182
182
182
182
181
181
181
181
182
181
181
181
181
181
182
180
180
180
180
180
180
181
181
181
181
179
179
180
180
180
180
180
180
179
179
179
180
178
178
178
178
178
178
177
178
178
179
179
178
178
178
178
178
177
178
178
178
178
177
177
177
177
177
177
179
179
179
179
179
177
177
177
177
177
177
176
176
176
176
176
176
176
176
176
176
176
177
177
176
176
176
176
175
175
175
175
174
174
174
174
174
174
174
174
176
176
176
176
179
179
179
178
178
178
179
179
179
179
179
179
179
178
178
178
178
176
176
175
175
175
175
175
175
175
175
174
174
174
174
174
174
173
173
173
173
173
173
173
173
173
172
171
171
172
172
171
171
171
171
171
171
170
170
170
170
170
170
168
168
168
169
169
168
168
169
168
168
168
168
167
167
167
167
168
167
167
167
167
166
166
166
166
166
165
165
165
165
165
165
165
166
166
166
167
167
167
168
168
167
167
167
167
168
168
167
168
168
168
169
169
169
168
169
169
169
169
169
169
169
169
169
169
169
169
169
169
168
168
168
168
170
170
170
171
171
170
170
170
171
172
172
172
172
172
172
172
172
172
172
172
173
173
173
173
173
175
174
174
174
174
174
174
174
175
175
175
175
175
176
176
176
176
177
177
177
178
178
179
178
178
178
179
179
179
179
179
180
180
180
180
180
180
181
181
181
181
181
181
182
182
182
182
182
182
182
184
185
185
185
185
185
185
185
186
186
186
186
187
187
187
186
185
186
187
187
187
187
187
187
187
187
187
186
186
186
186
185
186
185
185
186
185
185
185
185
184
185
184
184
184
184
184
184
184
184
183
183
183
183
183
184
184
184
183
183
183
183
184
184
183
183
183
183
183
183
183
183
184
182
182
184
183
183
182
182
182
182
182
182
182
182
180
180
180
180
180
180
181
181
181
181
181
181
180
180
180
181
181
181
181
181
180
181
180
180
180
180
179
179
179
179
179
179
179
179
179
178
179
179
178
178
178
178
178
177
178
178
178
178
178
178
179
177
177
177
177
177
177
178
178
177
177
177
177
177
177
177
177
178
178
178
178
178
177
177
177
177
177
176
176
176
176
176
176
177
177
177
178
177
177
177
178
177
176
176
176
176
176
175
175
176
175
175
175
175
175
175
175
175
175
175
175
176
176
176
176
175
176
175
175
175
174
174
174
174
174
174
174
174
174
174
173
173
173
173
173
173
173
172
172
172
172
172
172
172
172
173
173
173
174
174
174
173
173
173
173
173
172
173
172
172
172
172
172
172
172
172
171
171
171
171
171
172
171
171
171
171
171
171
171
171
170
170
170
170
170
170
170
170
170
170
169
169
169
169
169
169
168
168
168
168
168
168
169
168
168
168
168
168
167
167
167
167
167
168
168
168
167
167
167
167
167
167
167
167
167
166
166
166
166
166
166
166
166
166
166
166
165
165
165
165
165
165
165
165
165
167
167
166
166
166
167
166
166
166
168
168
168
168
168
169
169
169
169
169
169
169
169
170
170
170
170
170
171
171
171
171
171
171
171
171
172
172
172
172
172
172
173
173
173
173
173
173
173
173
173
173
174
174
174
174
174
174
174
174
174
175
175
175
175
175
175
176
175
175
175
175
175
175
175
176
176
176
176
176
176
177
177
177
177
177
177
178
178
178
178
179
179
179
179
179
180
180
180
180
180
180
180
182
182
182
182
182
182
183
183
183
183
183
183
183
183
184
184
184
184
184
186
186
186
186
186
187
187
187
187
187
187
188





