25.70 
25.70 
25.79 
25.60 
26.00 
25.79 
26.70 
26.40 
26.29 
26.79 
26.70 
26.70 
26.90 
27.00 
27.10 
27.50 
27.90 
28.10
28.10 
28.20 
28.20 
28.10 
28.00 
27.79 
27.70 
27.79 
27.60 
27.60 
27.50 
27.40 
27.40 
27.40 
27.40 
27.40 
28.40 
24.90 
25.90 
27.20 
27.79 
24.50
26.10 
27.40 
27.79 
28.20 
28.50 
28.60 
28.60 
28.40 
28.70 
29.00 
29.00 
29.20 
29.10 
29.20 
29.29 
29.79 
29.40 
29.60 
29.29 
29.50 
29.79 
29.10
28.70 
28.40 
28.20 
28.29 
28.10 
27.90 
27.90 
27.90 
27.79 
27.90 
27.79 
28.00 
28.70 
28.60 
28.70 
28.79 
29.29 
29.50 
30.10 
28.79 
28.90 
29.70  
30.00 
31.20 
30.79 
30.20 
29.70 
30.50 
29.79 
29.29 
29.90 
29.29 
29.79 
30.29 
30.79 
30.40 
29.70 
29.79 
29.00 
29.10 
29.60 
30.00 
30.00 
30.00
29.50 
29.50 
29.60 
29.40
