55.20 
53.40 
54.79 
53.70 
54.40 
53.70 
51.29 
51.09 
52.90 
51.90 
52.20 
52.09 
51.40 
50.70 
48.90 
49.50 
47.00 
46.70 
46.70 
46.29 
46.50 
46.29 
46.70 
47.40 
47.00 
47.59 
47.40 
47.70 
47.40 
47.90 
47.79 
48.00 
48.29 
48.09 
47.09 
48.29 
55.20 
50.59 
46.40 
56.90
54.40 
50.29 
49.00 
48.20 
47.00 
46.90 
46.70 
47.00 
46.70 
46.09 
45.70 
46.00  
45.29 
45.59 
44.90 
44.20 
45.00 
44.40 
44.79 
44.70
43.90 
45.20 
45.09 
46.20 
46.70 
46.50 
46.79 
47.09 
47.29 
47.70 
47.50 
47.50 
47.50 
48.00 
46.59 
46.70 
46.09 
46.70 
45.79 
43.59 
43.59 
45.09
45.50 
44.00 
44.20 
41.90 
40.79 
41.20 
41.79 
41.79 
42.79 
42.90 
42.79 
43.20 
43.09 
42.09 
41.90 
42.20 
43.29 
44.09 
45.50 
46.00 
44.90 
44.20 
44.09 
45.29 
46.90 
46.50 
47.00 
47.20
